0.000000	0.987598
0.000200	0.987798
0.000400	0.987998
0.000600	0.988198
0.000800	0.988398
0.001000	0.988598
0.001200	0.988798
0.001400	0.988998
0.001600	0.989198
0.001800	0.989398
0.002000	0.989598
0.002200	0.989798
0.002400	0.989998
0.002600	0.990198
0.002800	0.990398
0.003000	0.990598
0.003200	0.990798
0.003400	0.990998
0.003600	0.991198
0.003800	0.991398
0.004000	0.991598
0.004200	0.991798
0.004400	0.991998
0.004600	0.992198
0.004800	0.992399
0.005000	0.992598
0.005200	0.992799
0.005400	0.992999
0.005600	0.993199
0.005800	0.993399
0.006000	0.993599
0.006200	0.993799
0.006400	0.993999
0.006600	0.994199
0.006800	0.994399
0.007000	0.994599
0.007200	0.994799
0.007400	0.994999
0.007600	0.995199
0.007800	0.995399
0.008000	0.995599
0.008200	0.995799
0.008400	0.995999
0.008600	0.996199
0.008800	0.996399
0.009000	0.996599
0.009200	0.996799
0.009400	0.996999
0.009600	0.997199
0.009800	0.997400
0.010000	0.997599
0.010200	0.997800
0.010400	0.998000
0.010600	0.998200
0.010800	0.998400
0.011000	0.998600
0.011200	0.998800
0.011400	0.999000
0.011600	0.999200
0.011800	0.999400
0.012000	0.999600
0.012200	0.999800
0.012400	1.000000
0.012600	0.000000
0.012800	0.000200
0.013000	0.000400
0.013200	0.000600
0.013400	0.000800
0.013600	0.001000
0.013800	0.001200
0.014000	0.001400
0.014200	0.001600
0.014400	0.001800
0.014600	0.002000
0.014800	0.002200
0.015000	0.002400
0.015200	0.002601
0.015400	0.002801
0.015600	0.003001
0.015800	0.003201
0.016000	0.003401
0.016200	0.003601
0.016400	0.003801
0.016600	0.004001
0.016800	0.004201
0.017000	0.004401
0.017200	0.004601
0.017400	0.004801
0.017600	0.005001
0.017800	0.005201
0.018000	0.005401
0.018200	0.005601
0.018400	0.005801
0.018600	0.006001
0.018800	0.006201
0.019000	0.006401
0.019200	0.006601
0.019400	0.006801
0.019600	0.007001
0.019800	0.007201
0.020000	0.007401
0.020200	0.007602
0.020400	0.007802
0.020600	0.008002
0.020800	0.008202
0.021000	0.008402
0.021200	0.008602
0.021400	0.008802
0.021600	0.009002
0.021800	0.009202
0.022000	0.009402
0.022200	0.009602
0.022400	0.009802
0.022600	0.010002
0.022800	0.010202
0.023000	0.010402
0.023200	0.010602
0.023400	0.010802
0.023600	0.011002
0.023800	0.011202
0.024000	0.011402
0.024200	0.011602
0.024400	0.011802
0.024600	0.012002
0.024800	0.012202
0.025000	0.012402
0.025200	0.012603
0.025400	0.012803
0.025600	0.013003
0.025800	0.013203
0.026000	0.013403
0.026200	0.013603
0.026400	0.013803
0.026600	0.014003
0.026800	0.014203
0.027000	0.014403
0.027200	0.014603
0.027400	0.014803
0.027600	0.015003
0.027800	0.015203
0.028000	0.015403
0.028200	0.015603
0.028400	0.015803
0.028600	0.016003
0.028800	0.016203
0.029000	0.016403
0.029200	0.016603
0.029400	0.016803
0.029600	0.017003
0.029800	0.017203
0.030000	0.017403
0.030200	0.017604
0.030400	0.017804
0.030600	0.018004
0.030800	0.018204
0.031000	0.018404
0.031200	0.018604
0.031400	0.018804
0.031600	0.019004
0.031800	0.019204
0.032000	0.019404
0.032200	0.019604
0.032400	0.019804
0.032600	0.020004
0.032800	0.020204
0.033000	0.020404
0.033200	0.020604
0.033400	0.020804
0.033600	0.021004
0.033800	0.021204
0.034000	0.021404
0.034200	0.021604
0.034400	0.021804
0.034600	0.022004
0.034800	0.022204
0.035000	0.022404
0.035200	0.022605
0.035400	0.022805
0.035600	0.023005
0.035800	0.023205
0.036000	0.023405
0.036200	0.023605
0.036400	0.023805
0.036600	0.024005
0.036800	0.024205
0.037000	0.024405
0.037200	0.024605
0.037400	0.024805
0.037600	0.025005
0.037800	0.025205
0.038000	0.025405
0.038200	0.025605
0.038400	0.025805
0.038600	0.026005
0.038800	0.026205
0.039000	0.026405
0.039200	0.026605
0.039400	0.026805
0.039600	0.027005
0.039800	0.027205
0.040000	0.027405
0.040200	0.027606
0.040400	0.027806
0.040600	0.028006
0.040800	0.028206
0.041000	0.028406
0.041200	0.028606
0.041400	0.028806
0.041600	0.029006
0.041800	0.029206
0.042000	0.029406
0.042200	0.029606
0.042400	0.029806
0.042600	0.030006
0.042800	0.030206
0.043000	0.030406
0.043200	0.030606
0.043400	0.030806
0.043600	0.031006
0.043800	0.031206
0.044000	0.031406
0.044200	0.031606
0.044400	0.031806
0.044600	0.032006
0.044800	0.032206
0.045000	0.032406
0.045200	0.032607
0.045400	0.032807
0.045600	0.033007
0.045800	0.033207
0.046000	0.033407
0.046200	0.033607
0.046400	0.033807
0.046600	0.034007
0.046800	0.034207
0.047000	0.034407
0.047200	0.034607
0.047400	0.034807
0.047600	0.035007
0.047800	0.035207
0.048000	0.035407
0.048200	0.035607
0.048400	0.035807
0.048600	0.036007
0.048800	0.036207
0.049000	0.036407
0.049200	0.036607
0.049400	0.036807
0.049600	0.037007
0.049800	0.037207
0.050000	0.037407
0.050200	0.037608
0.050400	0.037808
0.050600	0.038008
0.050800	0.038208
0.051000	0.038408
0.051200	0.038608
0.051400	0.038808
0.051600	0.039008
0.051800	0.039208
0.052000	0.039408
0.052200	0.039608
0.052400	0.039808
0.052600	0.040008
0.052800	0.040208
0.053000	0.040408
0.053200	0.040608
0.053400	0.040808
0.053600	0.041008
0.053800	0.041208
0.054000	0.041408
0.054200	0.041608
0.054400	0.041808
0.054600	0.042008
0.054800	0.042208
0.055000	0.042408
0.055200	0.042609
0.055400	0.042809
0.055600	0.043009
0.055800	0.043209
0.056000	0.043409
0.056200	0.043609
0.056400	0.043809
0.056600	0.044009
0.056800	0.044209
0.057000	0.044409
0.057200	0.044609
0.057400	0.044809
0.057600	0.045009
0.057800	0.045209
0.058000	0.045409
0.058200	0.045609
0.058400	0.045809
0.058600	0.046009
0.058800	0.046209
0.059000	0.046409
0.059200	0.046609
0.059400	0.046809
0.059600	0.047009
0.059800	0.047209
0.060000	0.047409
0.060200	0.047610
0.060400	0.047810
0.060600	0.048010
0.060800	0.048210
0.061000	0.048410
0.061200	0.048610
0.061400	0.048810
0.061600	0.049010
0.061800	0.049210
0.062000	0.049410
0.062200	0.049610
0.062400	0.049810
0.062600	0.050010
0.062800	0.050210
0.063000	0.050410
0.063200	0.050610
0.063400	0.050810
0.063600	0.051010
0.063800	0.051210
0.064000	0.051410
0.064200	0.051610
0.064400	0.051810
0.064600	0.052010
0.064800	0.052210
0.065000	0.052410
0.065200	0.052611
0.065400	0.052811
0.065600	0.053011
0.065800	0.053211
0.066000	0.053411
0.066200	0.053611
0.066400	0.053811
0.066600	0.054011
0.066800	0.054211
0.067000	0.054411
0.067200	0.054611
0.067400	0.054811
0.067600	0.055011
0.067800	0.055211
0.068000	0.055411
0.068200	0.055611
0.068400	0.055811
0.068600	0.056011
0.068800	0.056211
0.069000	0.056411
0.069200	0.056611
0.069400	0.056811
0.069600	0.057011
0.069800	0.057211
0.070000	0.057411
0.070200	0.057612
0.070400	0.057812
0.070600	0.058012
0.070800	0.058212
0.071000	0.058412
0.071200	0.058612
0.071400	0.058812
0.071600	0.059012
0.071800	0.059212
0.072000	0.059412
0.072200	0.059612
0.072400	0.059812
0.072600	0.060012
0.072800	0.060212
0.073000	0.060412
0.073200	0.060612
0.073400	0.060812
0.073600	0.061012
0.073800	0.061212
0.074000	0.061412
0.074200	0.061612
0.074400	0.061812
0.074600	0.062012
0.074800	0.062212
0.075000	0.062412
0.075200	0.062613
0.075400	0.062813
0.075600	0.063013
0.075800	0.063213
0.076000	0.063413
0.076200	0.063613
0.076400	0.063813
0.076600	0.064013
0.076800	0.064213
0.077000	0.064413
0.077200	0.064613
0.077400	0.064813
0.077600	0.065013
0.077800	0.065213
0.078000	0.065413
0.078200	0.065613
0.078400	0.065813
0.078600	0.066013
0.078800	0.066213
0.079000	0.066413
0.079200	0.066613
0.079400	0.066813
0.079600	0.067013
0.079800	0.067213
0.080000	0.067413
0.080200	0.067614
0.080400	0.067814
0.080600	0.068014
0.080800	0.068214
0.081000	0.068414
0.081200	0.068614
0.081400	0.068814
0.081600	0.069014
0.081800	0.069214
0.082000	0.069414
0.082200	0.069614
0.082400	0.069814
0.082600	0.070014
0.082800	0.070214
0.083000	0.070414
0.083200	0.070614
0.083400	0.070814
0.083600	0.071014
0.083800	0.071214
0.084000	0.071414
0.084200	0.071614
0.084400	0.071814
0.084600	0.072014
0.084800	0.072214
0.085000	0.072414
0.085200	0.072615
0.085400	0.072815
0.085600	0.073015
0.085800	0.073215
0.086000	0.073415
0.086200	0.073615
0.086400	0.073815
0.086600	0.074015
0.086800	0.074215
0.087000	0.074415
0.087200	0.074615
0.087400	0.074815
0.087600	0.075015
0.087800	0.075215
0.088000	0.075415
0.088200	0.075615
0.088400	0.075815
0.088600	0.076015
0.088800	0.076215
0.089000	0.076415
0.089200	0.076615
0.089400	0.076815
0.089600	0.077015
0.089800	0.077215
0.090000	0.077415
0.090200	0.077616
0.090400	0.077816
0.090600	0.078016
0.090800	0.078216
0.091000	0.078416
0.091200	0.078616
0.091400	0.078816
0.091600	0.079016
0.091800	0.079216
0.092000	0.079416
0.092200	0.079616
0.092400	0.079816
0.092600	0.080016
0.092800	0.080216
0.093000	0.080416
0.093200	0.080616
0.093400	0.080816
0.093600	0.081016
0.093800	0.081216
0.094000	0.081416
0.094200	0.081616
0.094400	0.081816
0.094600	0.082016
0.094800	0.082216
0.095000	0.082416
0.095200	0.082617
0.095400	0.082817
0.095600	0.083017
0.095800	0.083217
0.096000	0.083417
0.096200	0.083617
0.096400	0.083817
0.096600	0.084017
0.096800	0.084217
0.097000	0.084417
0.097200	0.084617
0.097400	0.084817
0.097600	0.085017
0.097800	0.085217
0.098000	0.085417
0.098200	0.085617
0.098400	0.085817
0.098600	0.086017
0.098800	0.086217
0.099000	0.086417
0.099200	0.086617
0.099400	0.086817
0.099600	0.087017
0.099800	0.087217
0.100000	0.087417
0.100200	0.087618
0.100400	0.087818
0.100600	0.088018
0.100800	0.088218
0.101000	0.088418
0.101200	0.088618
0.101400	0.088818
0.101600	0.089018
0.101800	0.089218
0.102000	0.089418
0.102200	0.089618
0.102400	0.089818
0.102600	0.090018
0.102800	0.090218
0.103000	0.090418
0.103200	0.090618
0.103400	0.090818
0.103600	0.091018
0.103800	0.091218
0.104000	0.091418
0.104200	0.091618
0.104400	0.091818
0.104600	0.092018
0.104800	0.092218
0.105000	0.092418
0.105200	0.092619
0.105400	0.092819
0.105600	0.093019
0.105800	0.093219
0.106000	0.093419
0.106200	0.093619
0.106400	0.093819
0.106600	0.094019
0.106800	0.094219
0.107000	0.094419
0.107200	0.094619
0.107400	0.094819
0.107600	0.095019
0.107800	0.095219
0.108000	0.095419
0.108200	0.095619
0.108400	0.095819
0.108600	0.096019
0.108800	0.096219
0.109000	0.096419
0.109200	0.096619
0.109400	0.096819
0.109600	0.097019
0.109800	0.097219
0.110000	0.097419
0.110200	0.097620
0.110400	0.097820
0.110600	0.098020
0.110800	0.098220
0.111000	0.098420
0.111200	0.098620
0.111400	0.098820
0.111600	0.099020
0.111800	0.099220
0.112000	0.099420
0.112200	0.099620
0.112400	0.099820
0.112600	0.100020
0.112800	0.100220
0.113000	0.100420
0.113200	0.100620
0.113400	0.100820
0.113600	0.101020
0.113800	0.101220
0.114000	0.101420
0.114200	0.101620
0.114400	0.101820
0.114600	0.102020
0.114800	0.102220
0.115000	0.102420
0.115200	0.102621
0.115400	0.102821
0.115600	0.103021
0.115800	0.103221
0.116000	0.103421
0.116200	0.103621
0.116400	0.103821
0.116600	0.104021
0.116800	0.104221
0.117000	0.104421
0.117200	0.104621
0.117400	0.104821
0.117600	0.105021
0.117800	0.105221
0.118000	0.105421
0.118200	0.105621
0.118400	0.105821
0.118600	0.106021
0.118800	0.106221
0.119000	0.106421
0.119200	0.106621
0.119400	0.106821
0.119600	0.107021
0.119800	0.107221
0.120000	0.107421
0.120200	0.107622
0.120400	0.107822
0.120600	0.108022
0.120800	0.108222
0.121000	0.108422
0.121200	0.108622
0.121400	0.108822
0.121600	0.109022
0.121800	0.109222
0.122000	0.109422
0.122200	0.109622
0.122400	0.109822
0.122600	0.110022
0.122800	0.110222
0.123000	0.110422
0.123200	0.110622
0.123400	0.110822
0.123600	0.111022
0.123800	0.111222
0.124000	0.111422
0.124200	0.111622
0.124400	0.111822
0.124600	0.112022
0.124800	0.112222
0.125000	0.112422
0.125200	0.112623
0.125400	0.112823
0.125600	0.113023
0.125800	0.113223
0.126000	0.113423
0.126200	0.113623
0.126400	0.113823
0.126600	0.114023
0.126800	0.114223
0.127000	0.114423
0.127200	0.114623
0.127400	0.114823
0.127600	0.115023
0.127800	0.115223
0.128000	0.115423
0.128200	0.115623
0.128400	0.115823
0.128600	0.116023
0.128800	0.116223
0.129000	0.116423
0.129200	0.116623
0.129400	0.116823
0.129600	0.117023
0.129800	0.117223
0.130000	0.117423
0.130200	0.117624
0.130400	0.117824
0.130600	0.118024
0.130800	0.118224
0.131000	0.118424
0.131200	0.118624
0.131400	0.118824
0.131600	0.119024
0.131800	0.119224
0.132000	0.119424
0.132200	0.119624
0.132400	0.119824
0.132600	0.120024
0.132800	0.120224
0.133000	0.120424
0.133200	0.120624
0.133400	0.120824
0.133600	0.121024
0.133800	0.121224
0.134000	0.121424
0.134200	0.121624
0.134400	0.121824
0.134600	0.122024
0.134800	0.122224
0.135000	0.122424
0.135200	0.122625
0.135400	0.122825
0.135600	0.123025
0.135800	0.123225
0.136000	0.123425
0.136200	0.123625
0.136400	0.123825
0.136600	0.124025
0.136800	0.124225
0.137000	0.124425
0.137200	0.124625
0.137400	0.124825
0.137600	0.125025
0.137800	0.125225
0.138000	0.125425
0.138200	0.125625
0.138400	0.125825
0.138600	0.126025
0.138800	0.126225
0.139000	0.126425
0.139200	0.126625
0.139400	0.126825
0.139600	0.127025
0.139800	0.127225
0.140000	0.127425
0.140200	0.127626
0.140400	0.127826
0.140600	0.128026
0.140800	0.128226
0.141000	0.128426
0.141200	0.128626
0.141400	0.128826
0.141600	0.129026
0.141800	0.129226
0.142000	0.129426
0.142200	0.129626
0.142400	0.129826
0.142600	0.130026
0.142800	0.130226
0.143000	0.130426
0.143200	0.130626
0.143400	0.130826
0.143600	0.131026
0.143800	0.131226
0.144000	0.131426
0.144200	0.131626
0.144400	0.131826
0.144600	0.132026
0.144800	0.132226
0.145000	0.132426
0.145200	0.132627
0.145400	0.132827
0.145600	0.133027
0.145800	0.133227
0.146000	0.133427
0.146200	0.133627
0.146400	0.133827
0.146600	0.134027
0.146800	0.134227
0.147000	0.134427
0.147200	0.134627
0.147400	0.134827
0.147600	0.135027
0.147800	0.135227
0.148000	0.135427
0.148200	0.135627
0.148400	0.135827
0.148600	0.136027
0.148800	0.136227
0.149000	0.136427
0.149200	0.136627
0.149400	0.136827
0.149600	0.137027
0.149800	0.137227
0.150000	0.137427
0.150200	0.137628
0.150400	0.137828
0.150600	0.138028
0.150800	0.138228
0.151000	0.138428
0.151200	0.138628
0.151400	0.138828
0.151600	0.139028
0.151800	0.139228
0.152000	0.139428
0.152200	0.139628
0.152400	0.139828
0.152600	0.140028
0.152800	0.140228
0.153000	0.140428
0.153200	0.140628
0.153400	0.140828
0.153600	0.141028
0.153800	0.141228
0.154000	0.141428
0.154200	0.141628
0.154400	0.141828
0.154600	0.142028
0.154800	0.142228
0.155000	0.142428
0.155200	0.142629
0.155400	0.142829
0.155600	0.143029
0.155800	0.143229
0.156000	0.143429
0.156200	0.143629
0.156400	0.143829
0.156600	0.144029
0.156800	0.144229
0.157000	0.144429
0.157200	0.144629
0.157400	0.144829
0.157600	0.145029
0.157800	0.145229
0.158000	0.145429
0.158200	0.145629
0.158400	0.145829
0.158600	0.146029
0.158800	0.146229
0.159000	0.146429
0.159200	0.146629
0.159400	0.146829
0.159600	0.147029
0.159800	0.147229
0.160000	0.147429
0.160200	0.147630
0.160400	0.147830
0.160600	0.148030
0.160800	0.148230
0.161000	0.148430
0.161200	0.148630
0.161400	0.148830
0.161600	0.149030
0.161800	0.149230
0.162000	0.149430
0.162200	0.149630
0.162400	0.149830
0.162600	0.150030
0.162800	0.150230
0.163000	0.150430
0.163200	0.150630
0.163400	0.150830
0.163600	0.151030
0.163800	0.151230
0.164000	0.151430
0.164200	0.151630
0.164400	0.151830
0.164600	0.152030
0.164800	0.152230
0.165000	0.152430
0.165200	0.152631
0.165400	0.152831
0.165600	0.153031
0.165800	0.153231
0.166000	0.153431
0.166200	0.153631
0.166400	0.153831
0.166600	0.154031
0.166800	0.154231
0.167000	0.154431
0.167200	0.154631
0.167400	0.154831
0.167600	0.155031
0.167800	0.155231
0.168000	0.155431
0.168200	0.155631
0.168400	0.155831
0.168600	0.156031
0.168800	0.156231
0.169000	0.156431
0.169200	0.156631
0.169400	0.156831
0.169600	0.157031
0.169800	0.157231
0.170000	0.157431
0.170200	0.157632
0.170400	0.157832
0.170600	0.158032
0.170800	0.158232
0.171000	0.158432
0.171200	0.158632
0.171400	0.158832
0.171600	0.159032
0.171800	0.159232
0.172000	0.159432
0.172200	0.159632
0.172400	0.159832
0.172600	0.160032
0.172800	0.160232
0.173000	0.160432
0.173200	0.160632
0.173400	0.160832
0.173600	0.161032
0.173800	0.161232
0.174000	0.161432
0.174200	0.161632
0.174400	0.161832
0.174600	0.162032
0.174800	0.162232
0.175000	0.162432
0.175200	0.162633
0.175400	0.162833
0.175600	0.163033
0.175800	0.163233
0.176000	0.163433
0.176200	0.163633
0.176400	0.163833
0.176600	0.164033
0.176800	0.164233
0.177000	0.164433
0.177200	0.164633
0.177400	0.164833
0.177600	0.165033
0.177800	0.165233
0.178000	0.165433
0.178200	0.165633
0.178400	0.165833
0.178600	0.166033
0.178800	0.166233
0.179000	0.166433
0.179200	0.166633
0.179400	0.166833
0.179600	0.167033
0.179800	0.167233
0.180000	0.167433
0.180200	0.167634
0.180400	0.167834
0.180600	0.168034
0.180800	0.168234
0.181000	0.168434
0.181200	0.168634
0.181400	0.168834
0.181600	0.169034
0.181800	0.169234
0.182000	0.169434
0.182200	0.169634
0.182400	0.169834
0.182600	0.170034
0.182800	0.170234
0.183000	0.170434
0.183200	0.170634
0.183400	0.170834
0.183600	0.171034
0.183800	0.171234
0.184000	0.171434
0.184200	0.171634
0.184400	0.171834
0.184600	0.172034
0.184800	0.172234
0.185000	0.172434
0.185200	0.172635
0.185400	0.172835
0.185600	0.173035
0.185800	0.173235
0.186000	0.173435
0.186200	0.173635
0.186400	0.173835
0.186600	0.174035
0.186800	0.174235
0.187000	0.174435
0.187200	0.174635
0.187400	0.174835
0.187600	0.175035
0.187800	0.175235
0.188000	0.175435
0.188200	0.175635
0.188400	0.175835
0.188600	0.176035
0.188800	0.176235
0.189000	0.176435
0.189200	0.176635
0.189400	0.176835
0.189600	0.177035
0.189800	0.177235
0.190000	0.177435
0.190200	0.177636
0.190400	0.177836
0.190600	0.178036
0.190800	0.178236
0.191000	0.178436
0.191200	0.178636
0.191400	0.178836
0.191600	0.179036
0.191800	0.179236
0.192000	0.179436
0.192200	0.179636
0.192400	0.179836
0.192600	0.180036
0.192800	0.180236
0.193000	0.180436
0.193200	0.180636
0.193400	0.180836
0.193600	0.181036
0.193800	0.181236
0.194000	0.181436
0.194200	0.181636
0.194400	0.181836
0.194600	0.182036
0.194800	0.182236
0.195000	0.182436
0.195200	0.182637
0.195400	0.182837
0.195600	0.183037
0.195800	0.183237
0.196000	0.183437
0.196200	0.183637
0.196400	0.183837
0.196600	0.184037
0.196800	0.184237
0.197000	0.184437
0.197200	0.184637
0.197400	0.184837
0.197600	0.185037
0.197800	0.185237
0.198000	0.185437
0.198200	0.185637
0.198400	0.185837
0.198600	0.186037
0.198800	0.186237
0.199000	0.186437
0.199200	0.186637
0.199400	0.186837
0.199600	0.187037
0.199800	0.187237
